2 6 12
3 17 23
3 16 20
6 15 17
4 34 3
3 27 8
6 36 14
3 2 20
2 30 19
6 14 16
6 20 15
3 10 13
6 25 23
5 2 21
4 9 16
6 5 19
7 18 26
4 32 10
4 30 15
3 15 4
5 9 5
6 4 28
1 24 19
2 20 30
5 13 24
5 11 4
4 28 28
7 1 18
6 21 4
6 13 29
7 13 4
2 27 29
1 25 22
3 18 27
5 10 26
2 19 29
4 17 5
7 4 17
3 26 28
4 20 13
4 22 27
3 14 18
2 16 9
1 15 25
3 25 7
4 27 28
7 8 6
3 1 14
1 9 22
7 6 10
3 19 28
4 8 9
2 4 21
6 3 28
1 34 25
1 14 27
1 26 3
5 7 11
6 9 19
4 7 12
3 23 17
7 3 14
6 27 9
1 23 21
2 8 23
6 35 24
3 13 26
4 21 6
1 31 16
3 8 16
6 31 27
3 22 20
1 27 27
1 3 9
2 29 26
1 2 5
4 19 12
5 8 29
2 24 10
6 2 13
7 16 24
2 7 20
4 23 12
2 26 9
4 15 4
2 2 10
7 14 26
4 33 29
6 26 6
1 29 13
2 23 3
6 1 21
6 17 11
4 24 14
4 10 16
4 1 14
6 32 2
4 29 1
6 18 10
7 15 16
1 21 13
6 30 30
1 18 7
3 11 10
5 4 21
7 17 5
1 8 5
7 5 5
6 33 28
3 21 2
1 32 1
3 9 30
4 2 7
2 3 29
4 12 14
2 14 22
2 1 10
1 20 23
4 14 20
6 24 8
1 30 25
1 35 25
7 21 8
6 16 30
6 34 15
3 12 27
6 28 27
7 9 19
1 13 1
4 35 11
3 6 2
5 1 11
7 11 30
4 16 15
1 5 21
2 12 10
5 5 18
4 6 27
6 23 10
1 12 2
2 10 26
4 13 4
3 20 4
4 11 10
2 17 4
7 10 1
7 7 7
1 17 12
2 18 8
7 2 13
6 7 8
7 19 24
4 31 2
5 3 10
4 5 26
4 4 27
6 6 3
6 29 28
3 4 17
1 6 5
1 1 18
1 33 8
3 24 22
2 28 15
1 16 23
3 3 9
4 26 23
2 22 5
5 12 4
5 6 13
2 11 30
4 18 22
6 10 1
3 5 17
2 25 22
4 3 14
2 21 17
6 22 16
6 8 8
1 19 6
2 13 25
1 28 24
1 11 13
1 4 16
4 25 2
6 19 29
6 11 14
7 12 13
2 9 19
1 22 20
2 15 25
2 5 26
3 7 24
6 12 28
7 20 12
1 7 22
1 10 15
